1 0 1 6 12 20 24 63 2107
2 2 3 4 5 7 10 18 25 31 47 65 75 519 7264
3 8 11 29 37 41 85 470 7414
4 9 14 17 19 28 44 77 79 98 124 233 592
5 13 15 21 30 46 50 88 103 119 126 202 341 647
6 16 22 32 48 52 64 66 72 97 104 105 120 127 145 212 283 411 1445
7 23 26 33 36 38 39 55 56 100 113 121 166 172 224 362 419 960 1199
8 27 34 35 43 51 54 57 58 86 101 114 129 149 160 181 192 196 205 240 265 277 447 496 722 3143
9 40 53 59 67 71 76 92 95 96 112 118 137 142 186 195 197 218 235 251 253 262 282 371 491 503 531 582 2423
10 42 49 60 62 70 83 84 99 122 136 139 146 151 287 340 439 511 537 694
11 45 61 68 69 73 74 87 109 115 123 131 148 154 155 162 206 242 296 312 315 321 368 448 518 578 624 819 2436
12 78 80 81 91 110 111 116 125 143 153 157 165 176 217 293 298 344 378 390 451 480 547 655 697 1289
13 82 93 106 117 133 140 169 179 201 267 269 316 347 349 396 467 501 556 561 637 711 870 1363 3227
14 89 90 107 134 135 161 178 180 211 226 244 246 260 284 317 372 374 399 415 426 573 574 641 796 845 969
15 94 108 128 130 132 141 150 168 183 193 222 241 247 248 268 272 329 346 351 427 453 497 616 638 696 764 825 849 900 1177
16 102 138 144 147 163 164 167 174 184 189 198 210 214 245 255 279 364 366 401 423 441 442 455 486 509 516 566 714 730 852 953 973 4087
17 152 158 173 177 190 194 199 213 234 254 263 285 302 307 326 342 381 410 458 459 464 485 517 575 587 769 788 824 869 946 1154
18 156 159 170 171 185 200 203 219 223 225 231 264 270 297 299 303 324 348 433 469 506 542 581 617 836 966 977 1185 1766 4331
19 175 182 188 204 228 237 249 259 274 318 325 354 355 424 438 463 483 520 543 579 614 621 651 661 936 1001 1027 1212 1778 4659
20 187 191 208 209 230 239 278 335 361 370 454 488 607 632 634 652 677 806 818 937 950 1071 1099 1298 1627 2338 6091
21 207 215 216 232 243 257 258 292 305 367 369 379 386 388 398 407 478 495 562 608 622 640 717 731 843 891 951 1010 1106 1235 1268 1648
22 220 221 250 252 261 266 300 301 310 322 331 337 382 414 440 444 471 508 524 549 591 631 657 668 692 732 749 860 882 990 1079 1150 1315 1367 1397 2451
23 227 229 236 290 313 323 332 334 339 376 406 412 418 449 461 481 490 500 535 650 658 672 695 699 737 787 856 889 1015 1022 1136 1345 1428 1508 1921 2103 3399
24 238 308 311 345 428 430 475 492 494 505 507 536 595 599 618 707 708 712 723 735 754 809 859 892 894 940 1105 1181 1350 1399 1484 1522 1635 1851 3116
25 256 271 273 281 288 319 320 353 359 387 403 512 514 538 646 649 725 728 748 752 808 814 857 942 978 1184 1211 1369 1533 1637 1793 2254 4361
26 275 276 289 338 343 356 358 360 373 384 394 510 522 533 559 568 583 588 705 727 757 765 767 783 821 823 983 1115 1209 1237 1255 1270 1503 1551 1559 1596 2084 4329
27 280 286 291 294 304 363 391 392 413 527 529 539 557 580 585 604 613 733 742 759 770 826 932 948 1119 1227 1263 1288 1295 1313 1473 1638 1651 1993
28 295 309 365 380 383 400 452 465 532 564 567 584 600 603 611 633 645 700 716 744 755 761 763 776 786 827 828 880 1017 1129 1254 1266 1287 1323 1327 1653 1665 1868 5885
29 306 314 328 330 350 357 375 385 402 408 409 420 468 521 545 546 609 623 635 669 756 772 774 797 853 876 898 1018 1112 1153 1305 1316 1361 1385 1446 1454 1464 1607 1678 1690 1738 1773 1864 1911 2504 6422 7527
30 327 336 393 397 425 431 472 473 560 594 628 639 643 673 758 762 801 807 829 847 867 885 890 897 959 1005 1061 1279 1333 1393 1396 1540 1615 1714 1791 1990 2149 2894
31 333 352 389 404 421 422 434 435 437 466 525 569 636 642 664 680 683 775 803 812 840 864 913 921 963 1031 1108 1281 1347 1375 1404 1470 1550 1655 1739 1946 1954 2016 2288
32 377 395 405 416 429 432 443 456 484 499 541 550 576 597 644 686 693 713 729 802 830 834 842 875 935 944 988 1006 1041 1086 1183 1297 1378 1449 1474 1486 1601 1629 1672 1697 1991 2007 2155 2217 4964
33 417 446 457 462 489 513 530 565 615 620 648 709 710 751 815 844 884 905 912 945 1019 1078 1277 1337 1509 1518 1705 1727 1801 2067 2134 2249 2480
34 436 450 460 479 498 504 515 572 610 619 670 689 715 741 777 782 805 831 861 866 887 923 967 992 1008 1072 1077 1107 1110 1311 1318 1357 1527 1543 1634 1762 1875 2157 2367 2388
35 445 474 476 477 487 502 555 590 598 662 674 685 718 739 778 781 799 838 895 903 904 955 958 976 1026 1084 1155 1162 1328 1372 1374 1529 1576 1580 1594 1786 1798 1891 1916 2099 2213 2296 2497 8392
36 482 493 523 528 540 563 571 589 606 630 653 690 720 734 743 753 790 793 798 832 855 863 877 914 917 938 981 982 985 1013 1033 1043 1065 1090 1157 1159 1202 1232 1331 1381 1443 1447 1479 1583 1626 1716 1718 1820 1881 1928 2215 2267 2291 2349 2507
37 526 534 544 548 593 605 663 675 679 684 760 789 822 858 865 907 918 920 947 999 1046 1058 1075 1101 1164 1180 1208 1251 1356 1475 1538 1628 1682 1765 1834 1930 1967 2031 2059 2380 2406 2518 6575
38 551 627 629 676 682 703 704 745 771 794 800 833 868 872 909 916 922 954 965 998 1047 1050 1073 1087 1116 1200 1274 1324 1432 1481 1514 1685 1728 1800 1811 1874 1981 2008 2041 2075 2273 2386 2431 2494 2561 3082
39 552 626 659 678 706 721 740 780 791 841 848 871 878 881 893 911 924 984 1052 1054 1057 1063 1114 1117 1156 1190 1201 1216 1234 1296 1332 1388 1478 1500 1546 1686 1731 1812 1937 1943 1975 2105 2119 2306 2456 2467 2528 2681 2936
40 553 554 656 665 667 736 738 792 851 883 886 933 986 989 1068 1088 1161 1169 1213 1225 1230 1252 1284 1335 1343 1384 1455 1497 1633 1790 1815 1939 2088 2094 2123 2170 2481 2493 2532 2611 2659 2786
41 558 570 596 687 702 747 750 768 813 837 888 901 925 943 972 974 997 1003 1023 1029 1070 1094 1122 1135 1173 1195 1224 1231 1240 1273 1334 1355 1362 1501 1506 1669 1841 1859 1947 1957 2054 2143 2523 2565 2623 2980
42 577 601 612 701 766 779 784 873 879 902 987 991 1000 1002 1032 1034 1044 1056 1102 1103 1137 1142 1221 1246 1286 1291 1366 1438 1463 1510 1513 1570 1857 1869 1877 1958 2093 2189 2329 2530 2556 2582 2587 2661 3232
43 586 602 625 666 726 773 785 795 899 926 964 995 1020 1045 1069 1074 1085 1091 1128 1145 1146 1171 1261 1265 1376 1379 1394 1476 1528 1534 1586 1703 1878 1900 1974 2065 2211 2257 2268 2357 2371 2585 2594 2630 2879
44 654 660 698 810 811 817 850 906 908 927 980 1007 1011 1092 1097 1147 1166 1170 1223 1272 1336 1338 1400 1426 1561 1569 1591 1605 1646 1699 1951 1978 2261 2275 2345 2385 2400 2444 2634 2678 2907
45 671 688 816 846 854 874 896 919 930 939 941 996 1009 1039 1082 1083 1096 1120 1126 1176 1188 1249 1294 1341 1351 1450 1471 1523 1582 1617 1658 1755 1966 1989 1995 2046 2095 2203 2269 2308 2311 2441 2448 2487 2620 2668 2719 2895
46 681 691 724 746 839 862 910 928 931 949 956 975 1012 1028 1081 1089 1104 1121 1144 1182 1262 1308 1346 1391 1480 1563 1565 1619 1625 1663 1687 1782 1827 1912 1982 1997 2063 2104 2214 2264 2478 2498 2514 2516 2616 2670 2716 2783 2994 4131
47 719 804 915 952 970 979 1064 1098 1118 1158 1163 1172 1214 1215 1280 1314 1352 1353 1382 1383 1392 1403 1456 1488 1502 1578 1624 1696 1722 1729 1902 2025 2072 2109 2115 2248 2501 2537 2544 2737 2781 2791 2952 3595 9154
48 820 835 957 961 968 971 1004 1127 1132 1168 1206 1244 1292 1358 1409 1413 1416 1453 1495 1571 1581 1611 1613 1640 1645 1702 1733 1814 1843 1922 1953 1979 2074 2160 2177 2197 2360 2454 2510 2567 2572 2749 2776 2789 2804 2809 2810 3767
49 929 993 994 1014 1016 1025 1042 1131 1133 1138 1149 1151 1174 1189 1226 1228 1233 1303 1319 1321 1401 1406 1439 1469 1517 1537 1584 1623 1649 1684 1775 1850 1949 2079 2162 2210 2302 2393 2422 2505 2571 2667 2796 2807 2901 2925 3504
50 934 1021 1024 1049 1053 1055 1160 1167 1193 1194 1207 1248 1256 1290 1320 1371 1402 1418 1451 1457 1458 1511 1530 1598 1606 1652 1654 1656 1803 1844 1910 2102 2250 2328 2398 2533 2627 2703 2706 2712 2814 2850 2942 3080 6627
51 962 1030 1035 1036 1037 1051 1059 1076 1093 1165 1203 1218 1309 1329 1389 1405 1452 1461 1494 1496 1536 1567 1616 1632 1710 1743 1748 1757 1901 1945 1955 2002 2089 2117 2174 2282 2294 2336 2376 2405 2559 2691 2709 2751 2828 2829 2911 2956 2957 3006 3021 4901 5107
52 1038 1040 1060 1066 1067 1080 1095 1178 1198 1219 1242 1259 1302 1349 1360 1395 1436 1459 1460 1467 1482 1498 1504 1507 1535 1673 1706 1720 1732 1806 1884 1940 1984 1987 1992 2172 2190 2196 2199 2284 2285 2383 2427 2618 2718 2731 2778 2834 2848 2881 2902 2968 2969 3024 3517 3580
53 1048 1062 1100 1123 1124 1152 1217 1222 1229 1238 1243 1269 1306 1419 1444 1483 1489 1552 1636 1713 1736 1741 1763 1823 1970 2023 2035 2073 2222 2340 2434 2437 2491 2626 2721 2779 2844 2862 2904 2959 2985 3038 3048 3386 3818
54 1109 1113 1139 1140 1175 1197 1210 1236 1245 1253 1258 1301 1307 1326 1490 1553 1661 1664 1719 1726 1780 1845 1903 1977 2045 2081 2159 2240 2347 2363 2443 2483 2732 2784 2812 2885 2915 2999 3008 3057 3107 3444
55 1111 1125 1130 1134 1148 1192 1220 1239 1241 1250 1282 1299 1304 1317 1423 1427 1493 1524 1544 1585 1662 1667 1701 1781 1789 1906 1931 2022 2047 2112 2180 2317 2356 2374 2392 2545 2553 2694 2819 2866 2938 3030 3059 3071 3375 3808
56 1141 1143 1186 1191 1196 1247 1257 1276 1293 1300 1310 1354 1431 1435 1526 1548 1589 1618 1621 1698 1761 1783 1828 1848 1886 1941 2026 2070 2087 2127 2208 2362 2366 2421 2449 2566 2597 2638 2856 2883 2926 2953 3045 3062 3074 3106 3188 3634 3708
57 1179 1187 1204 1205 1260 1264 1283 1322 1342 1344 1370 1433 1477 1532 1557 1630 1642 1721 1742 1771 1819 1830 1840 1858 1950 1973 2029 2118 2133 2192 2277 2377 2471 2486 2612 2669 2824 2927 2962 2976 2990 3015 3041 3072 3092 3101 3120 3285 3748 3810
58 1267 1278 1325 1340 1368 1411 1485 1516 1564 1647 1650 1744 1774 1829 1832 1876 1918 2006 2113 2128 2131 2216 2344 2361 2438 2461 2503 2575 2729 2865 2964 3014 3083 3138 3157 3159 3279 3913 4347
59 1271 1275 1339 1373 1412 1414 1420 1519 1525 1549 1671 1680 1695 1747 1838 1853 1866 1887 2043 2108 2164 2259 2319 2455 2458 2476 2529 2579 2884 2896 2978 2991 3098 3148 3161 3173 3334 3403 3436 5255
60 1285 1348 1365 1377 1380 1390 1430 1440 1521 1541 1545 1620 1622 1688 1708 1709 1723 1749 1796 1847 1856 1873 1885 1892 1927 2110 2173 2229 2246 2271 2272 2402 2460 2484 2543 2588 2619 2875 2987 3066 3070 3168 3197 3202 3345 3381 3422 3952 6090 6148
61 1312 1330 1398 1417 1422 1441 1465 1487 1515 1547 1555 1603 1643 1679 1724 1754 1797 1870 1879 1894 1905 2034 2111 2181 2200 2270 2290 2292 2488 2515 2580 2605 2621 2628 2655 2831 3002 3081 3111 3154 3196 3207 3218 3305 3366 3472 3529 3531 3826 4576
62 1359 1364 1407 1410 1421 1429 1442 1542 1562 1593 1602 1610 1668 1692 1694 1799 1825 1867 1908 1914 1936 2015 2125 2130 2187 2219 2224 2227 2307 2312 2407 2453 2598 2641 2764 2773 2905 3022 3084 3112 3141 3163 3208 3226 3349 3355 3421 3540 3554 3555 4058
63 1386 1387 1415 1424 1448 1462 1505 1560 1592 1609 1676 1683 1792 1849 1880 1915 1919 1929 1952 1963 2014 2019 2185 2193 2206 2226 2231 2299 2309 2420 2473 2490 2492 2650 2742 2787 2934 3135 3214 3237 3274 3289 3404 3468 3474 3530 3570 3642 4171 4275
64 1408 1425 1437 1468 1491 1499 1520 1558 1575 1588 1600 1631 1639 1657 1689 1693 1802 1861 1889 1899 1920 1933 1934 1948 1968 2010 2032 2060 2225 2245 2321 2379 2592 2602 2662 2665 2688 2702 2816 3023 3219 3224 3308 3406 3589 3601 3633 3769 4014 4916 6207
65 1434 1466 1472 1492 1531 1554 1597 1604 1674 1707 1725 1730 1767 1837 1935 1960 1962 2033 2077 2251 2256 2283 2327 2333 2411 2596 2676 2726 2827 2871 3029 3239 3328 3451 3457 3645 3668 3857 3876 4184 4188 6051 9604
66 1512 1539 1556 1566 1590 1608 1612 1659 1677 1735 1759 1770 1852 1971 1972 2004 2044 2080 2151 2278 2315 2341 2364 2425 2445 2466 2625 2639 2696 2700 2861 2880 2932 3017 3032 3053 3354 3467 3663 3758 3870 4254 5320 9895
67 1568 1573 1574 1577 1595 1614 1644 1681 1740 1750 1760 1777 1810 1836 1871 1872 1986 1988 2017 2056 2082 2114 2171 2237 2287 2326 2419 2432 2447 2521 2564 2733 2958 3087 3097 3140 3257 3522 3664 3719 3734 3796 3829 3901 4300
68 1572 1587 1599 1660 1670 1675 1691 1715 1737 1784 1821 1839 1883 1898 2009 2011 2020 2040 2066 2121 2148 2165 2204 2220 2300 2348 2387 2485 2508 2593 2660 2684 2750 2898 3089 3133 3165 3547 3697 3760 3816 3918 4037 4364 4644
69 1579 1641 1700 1756 1772 1787 1794 1804 1854 1865 1882 1888 1897 1980 2021 2030 2050 2052 2068 2076 2092 2153 2184 2235 2324 2372 2462 2568 2653 2663 2690 2723 2886 2974 2988 3000 3115 3178 3307 3583 3607 3868 3970 4097 4502
70 1666 1704 1734 1745 1758 1795 1822 1895 1904 2028 2062 2100 2120 2262 2314 2316 2342 2369 2475 2527 2692 2714 2727 2754 2910 2997 3012 3052 3093 3200 3221 3652 3840 3872 4063 4235 4556
71 1711 1712 1751 1776 1890 1907 1917 1944 1996 2001 2039 2055 2071 2116 2124 2188 2276 2325 2354 2370 2413 2464 2540 2549 2631 2695 2740 2757 2792 2798 2941 3007 3031 3142 3206 3223 3309 3653 3800 3906 3956 4111 4256 4418 4678 6491
72 1717 1746 1753 1779 1809 1855 1913 1932 1998 2027 2061 2078 2122 2178 2260 2373 2382 2404 2424 2551 2576 2581 2632 2697 2806 2839 2972 3077 3189 3217 3230 3270 3687 3931 3957 4135 4268 4339 4353 4419 4539 4585
73 1752 1764 1768 1807 1818 1835 1863 1923 1961 1994 2053 2057 2064 2083 2097 2132 2183 2355 2389 2390 2428 2546 2645 2658 2708 2821 2882 2899 3046 3222 3231 3252 3255 3276 3294 3842 3958 3962 4345 4437 4605 4789 5517
74 1769 1788 1805 1816 1860 1926 1964 1969 2018 2096 2106 2129 2142 2161 2194 2207 2230 2243 2255 2397 2408 2416 2463 2500 2534 2560 2657 2704 2739 2741 2753 2837 2869 2929 3056 3068 3085 3244 3245 3282 3296 3940 3985 4257 4274 4512 4526 4594 4821 7555
75 1785 1808 1813 1824 1826 1831 1842 1862 1976 1985 2013 2024 2036 2135 2136 2158 2175 2176 2280 2289 2320 2412 2465 2502 2520 2589 2845 2872 2888 2889 2945 2951 2975 3162 3204 3253 3263 3946 4287 4352 4625 4775 8311
76 1817 1833 1846 1909 2000 2003 2037 2048 2058 2137 2179 2233 2281 2286 2426 2495 2539 2577 2615 2671 2893 2949 2970 3004 3088 3248 3261 3959 4026 4354 4412 4635 4690 4747 6172
77 1893 1896 1924 1956 2005 2042 2049 2101 2126 2154 2195 2232 2247 2274 2303 2331 2415 2474 2548 2590 2606 2610 2617 2675 2682 2967 2979 3013 3102 3184 3979 4337 4422 4461 4643 4708 4871 5193
78 1925 1938 1983 2012 2051 2085 2138 2201 2212 2238 2266 2298 2313 2337 2509 2513 2522 2643 2656 2666 2730 2939 3026 3034 3043 3109 3125 3293 3993 4197 4384 4516 4685 4707 4712 4915 4962
79 1942 2069 2140 2141 2144 2147 2167 2239 2242 2310 2318 2375 2457 2525 2542 2547 2647 2683 2759 2982 3047 3113 3129 4196 4237 4518 4540 4586 4771 4793 5273
80 1959 1965 1999 2086 2090 2145 2166 2168 2218 2258 2279 2301 2322 2403 2499 2511 2552 2558 2595 2646 2685 2686 2724 2743 2761 2811 3054 3067 3073 3137 3193 4222 4297 4548 4682 4832 4875 4977 5211 6301
81 2038 2091 2146 2152 2169 2186 2221 2295 2323 2334 2409 2435 2470 2477 2538 2624 2629 2651 2699 2720 2780 2790 2800 2944 3096 3108 3211 3213 3271 3287 4224 4407 4532 4600 4699 4767 4978 5284
82 2098 2139 2182 2198 2205 2228 2236 2339 2346 2352 2359 2410 2541 2562 2613 2654 2680 2705 2802 2817 2833 3152 3180 3250 3301 4270 4552 4590 4680 4714 4762 4881 5065 5410
83 2150 2156 2191 2202 2241 2244 2252 2253 2293 2358 2384 2391 2394 2433 2489 2601 2679 2689 2725 2760 2808 2818 2826 2842 2903 2981 3269 4346 4411 4561 4592 4791 4866 4965 5002 6441
84 2163 2209 2263 2304 2343 2353 2395 2429 2450 2574 2707 2722 2735 2763 2825 2852 2859 2877 2887 2973 3003 3028 3063 3220 4380 4479 4674 4897 4923 4998 5033 5178
85 2223 2234 2265 2297 2305 2335 2401 2439 2531 2536 2591 2728 2738 2771 2788 2799 2835 2846 2857 2878 2897 2977 3061 3175 4584 4683 4872 4940 4956 5007 5044 5208 5453
86 2330 2350 2418 2430 2459 2468 2569 2609 2642 2674 2774 2832 2843 2867 2891 2900 2984 3132 4619 4695 4811 4895 4963 5050 5269 5392 9478
87 2332 2351 2365 2396 2469 2479 2506 2519 2608 2637 2687 2794 2892 2909 2913 2923 2946 2998 3010 3065 4698 4735 4947 5021 5054 5561 7641
88 2368 2378 2381 2399 2472 2482 2524 2535 2599 2622 2644 2744 2745 2748 2917 2919 2924 2928 2935 2948 3011 3094 3095 3136 4702 4820 4913 5029 5204 5227 5486 5723 6014
89 2414 2417 2442 2512 2526 2555 2664 2673 2762 2770 2797 2931 2943 2947 2986 3020 3078 3127 3147 3246 4746 4827 4954 5042 5240 5638 5644 8194
90 2440 2452 2496 2554 2557 2570 2573 2578 2633 2677 2710 2782 2801 2853 2937 2955 2989 3035 3055 3110 3121 3146 3199 4798 4890 5092 5231 5280 5666
91 2446 2517 2550 2563 2583 2604 2614 2640 2701 2746 2747 2838 2868 2920 2960 3018 3058 3124 3174 3251 3284 4841 4936 4961 5216 5285 5551 5674
92 2584 2586 2607 2636 2648 2649 2693 2715 2736 2752 2755 2768 2775 2840 2873 2908 2950 2961 3069 3086 3105 3131 3134 3241 3290 4973 4981 5256 5361 5365 5681 5707
93 2600 2635 2652 2698 2711 2756 2767 2815 2841 2912 2918 2983 3090 3130 3144 3176 3191 3228 3273 3303 4995 5032 5161 5215 5257 5375 5398 5690 5698
94 2603 2672 2713 2765 2766 2769 2847 2860 2906 2914 2916 2966 2992 3001 3019 3037 3100 3156 3166 3194 3277 3310 5110 5196 5275 5418 5591 5738 9600
95 2717 2734 2772 2777 2813 2836 2930 3033 3040 3079 3114 3151 3158 3167 3215 3229 3234 3262 3298 5294 5317 5372 5432 5470 5789 5921
96 2758 2785 2855 2858 2876 2965 2971 3036 3049 3091 3103 3122 3185 3192 3212 3242 3280 3286 5344 5374 5473 5823
97 2793 2874 2933 2940 2963 3005 3009 3050 3118 3164 3170 3195 3205 3254 3300 3304 5386 5481 5507 5562 5635 5953
98 2795 2890 2954 3027 3044 3051 3099 3126 3182 3243 3275 3297 5402 5489 5491 5618 5987
99 2803 3025 3060 3064 3139 3177 3186 3203 3281 5430 5471 5513 5729 5836 5851 5970 6017 7649
100 2805 2823 2830 2864 3075 3149 3150 3201 3225 3272 3299 5466 5526 5527 5559 5774 5897 5988 9346
101 2820 2849 2851 2921 2922 2996 3076 3119 3128 3169 3172 3238 3266 3267 3292 5536 5543 5548 5621 5779 5877 5991 6061 6479
102 2822 2863 2993 3042 3171 3181 3259 3278 3283 3291 5549 5569 5609 5712 5928 6065 6906
103 2854 2870 3039 3104 3179 3198 3210 3260 3264 3268 3306 5582 5586 5633 5717 5930 6012 6121 6202
104 2995 3117 3123 3187 3209 3216 3235 3295 5650 5667 5736 5787 6038 6055 6088 6164
105 3016 3145 3190 3233 3247 3258 3302 5678 5795 5845 5849 6074 6135 6588 8909
106 3153 3240 3265 3288 5685 5859 5915 5950 6133 6173 7010
107 3155 3183 5734 5780 5844 5870 5948 6142 6179 6216 7911
108 3160 3236 5805 5918 5960 6029 6149 6159 6246
109 3249 3256 5809 5864 6008 6157 6235 6240 6371
110 5813 6059 6094 6189 6217 6264 6271 6405
111 5907 5926 6161 6184 6266 6269 6279 6413 6576 6614
112 5985 6028 6169 6320 6332 6390 6480 6511 6787
113 6011 6303 6325 6442 6496 6537 6632 7326
114 6022 6305 6377 6447 6546 6596 7207
115 6052 6358 6404 6498 6513 6561 6804 6830
116 6068 6360 6435 6542 6587 6639 7234
117 6141 6490 6564 6573 6625 6835
118 6153 6397 6524 6598 6647 6730 7021 7796
119 6308 6415 6626 6633 6656 6680 6737 7162 7417
120 6311 6327 6637 6650 6673 6843 7272 7456
121 6495 6503 6663 6810 6974
122 6533 6722 6732 6755 6898
123 6751 6762 6783 6784 6806 7063 7341 9577
124 6776 6823 6865 6952 7364
125 6798 6821 6833 6842 6932 7049 7134 9403
126 6881 6883 6942 6960 7215 7502
127 6901 6947 6955 7066 7260 7577
128 6916 6969 7153 7187 7194 8696
129 6920 7002 7004 7165 7315 7319
130 6921 7008 7050 7123 7178 7348 7368
131 6929 6972 7029 7094 7246 7270 7399 7422 7460 7492
132 6988 7089 7100 7294 7362 7471 7534 7688
133 7090 7106 7174 7322 7470 7537 7540 7690
134 7107 7192 7214 7424 7533 7559 7747
135 7156 7261 7371 7435 7474 7478 7568 7593 7774
136 7223 7517 7608 7652 7996
137 7521 7542 7654 7655 7718 7722 7887
138 7553 7697 7756 7936
139 7631 7741 7775 7820
140 7677 7705 7764 7772 7805 7806 7885
141 7726 7729 7788 7817 7839 7886 8114 9556
142 7730 7731 7789 7837 7841 7850 7899
143 7801 7852 7854 7907 7917
144 7804 7861 7903 7908 7947 8009 8465
145 7843 7900 7921 7934 7978 7997 8307
146 7856 7923 7926 7965 8037 8062 8151 9697
147 7930 7938 8061 8068 8096 8351 9138
148 7951 7966 7970 8167 8180 8265
149 7968 8011 8024 8070 8092 8110 8314 8385 8636
150 8060 8105 8132 8216 8360 8443
151 8146 8187 8195 8225 8387 8618
152 8164 8228 8236 8240 8268 8395 8694 9784
153 8174 8270 8290 8298 8317 8470 8548
154 8197 8272 8305 8353 8374 8409 8479 8629 9163
155 8218 8402 8412 8514 8670 9860
156 8363 8416 8539 8583 8596 8631 8799
157 8376 8484 8487 8501 8574 8589 8619 8640 8753
158 8522 8585 8682 8683 8771 9212
159 8542 8715 8805 8964
160 8555 8731 8743 8744 8784 8945 9307
161 8582 8750 8768 8816 9418
162 8658 8749 8770 8819 8879 9018
163 8660 8774 8887 9558
164 8776 8782 8898 8932 9741
165 8792 8895 8918 8941 9204 9343
166 8810 8880 8928 8959 8978 9109 9255 9700
167 8830 8891 8916 9003 9015 9161 9354
168 8893 8986 9045 9071 9192 9358
169 8935 9001 9094 9100 9188 9330 9410 9438 9941
170 8953 9030 9064 9152 9296 9404 9481 9724
171 8979 9080 9134 9164 9349 9383 9388 9510 9770
172 9023 9113 9293 9422 9423 9431 9527 9799
173 9244 9353 9444 9452 9544 9555 9827
174 9347 9463 9474 9505 9607 9643 9918
175 9398 9542 9573 9580 9615 9650 9782 9837
176 9535 9579 9645 9748 9768 9786
177 9563 9586 9687 9723 9802 9838 9914
178 9642 9698 9731 9829 9841 9932
179 9705 9767 9847 9882 9958
180 9765 9828 9866 9873 9969
181 9774 9869 9894 9968 9982
182 9778 9900 9916 9991 9995
183 9904 9971
184 9912 9927 9962
185 9947 9987
186 9953
187 
188 
189 
190 
191 
192 
193 
194 
195 
196 
197 
198 
199 
200 
201 
202 
203 
204 
205 
206 
207 
208 
209 
210 
211 
212 
213 
214 
215 
216 
217 
218 
219 
220 
221 
222 
223 
224 
225 
226 
227 
228 
229 
230 
231 
232 
233 
234 
235 
236 
237 
238 
239 
240 
241 
242 
243 
244 
245 
246 
247 
248 
249 
250 
251 
252 
253 
254 
255 
256 
257 
258 
259 
260 
261 
262 
263 
264 
265 
266 
267 
268 
269 
270 
271 
272 
273 
274 
275 
276 
277 
278 
279 
280 
281 
282 
283 
284 
285 
286 
287 
288 
289 
290 
291 
292 
293 
294 
295 
296 
297 
298 
299 
300 
301 
302 
303 
304 
305 
306 
307 
308 
309 
310 
311 
312 
313 
314 
315 
316 
317 
318 
319 
320 
321 
322 
323 
324 
325 
326 
327 
328 
329 
330 
331 
332 
333 
334 
335 
336 
337 
338 
339 
340 
341 
342 
343 
344 
345 
346 
347 
348 
349 
350 