1 0 1 2
2 3 5 9 84 130
3 4 6 10 12 17 30 37 49 132 183
4 7 11 16 20 43 46 52 149 165
5 8 13 14 22 23 25 31 47 69 77 151
6 15 18 21 26 27 35 51 55 59 94 169 175
7 19 28 42 45 66 71 97 123 153 274
8 24 29 40 48 67 100 120 135 173 211
9 32 50 61 70 78 104 126 143 178 208
10 33 38 39 64 68 73 76 81 98 106 142 154 189 247
11 34 41 44 53 82 83 112 115 141 176 186 194 257
12 36 54 56 57 79 86 89 90 93 101 145 155 206 229 233
13 58 60 91 96 109 114 118 119 152 215 228 240 278
14 62 63 102 111 117 124 182 192 231 262 293
15 65 72 74 113 121 131 139 196 223 251 256
16 75 92 105 122 138 181 242 252 270
17 80 95 107 125 128 140 199 205 272
18 85 88 127 129 146 147 201 219 264 265 279
19 87 103 133 136 144 156 157 158 160 190 235 238 266 280 288
20 99 110 134 137 150 163 195 237 248 250 289 297
21 108 148 159 166 170 197 255 292
22 116 161 171 172 174 177 269 283 287 291
23 162 185 191 298
24 164 187 188 202 207 253
25 167 168 184 193 198 204 209
26 179 200 213 214 217 236
27 180 203 218 222 243
28 210 220 224 230 239 254 258
29 212 225 226 241 268 271
30 216 227 232 244 282
31 221 245 277 284 295
32 234 246 259 260 261 281
33 249 263 267
34 273 285
35 275 276 290
36 286 294
37 296 299
38 
39 
40 
41 
42 
43 
44 
45 
46 
47 
48 
49 
50 
51 
52 
53 
54 
55 
56 
57 
58 
59 
60 
61 
62 
63 
64 
65 
66 
67 
68 
69 
70 
71 
72 
73 
74 
75 
76 
77 
78 
79 
80 
81 
82 
83 
84 
85 
86 
87 
88 
89 
90 
91 
92 
93 
94 
95 
96 
97 
98 
99 
100 