1 0 6 12
2 1 2 3 4 7 20 44 757
3 5 8 13 49 58 3931
4 9 16 26 60
5 10 11 14 18 51 59 263
6 15 17 21 28 30 31 36 54 70 7509
7 19 22 23 56 68 73 86 270
8 24 25 33 40 75 79 107
9 27 37 38 42 78 82 108
10 29 32 34 45 46 53 63 77 89 142 452
11 35 39 43 62 87 99 103 124 131 132 136 144 1136
12 41 47 50 52 71 94 101 110 140 143 391 840 2862
13 48 55 57 64 65 67 72 80 111 129 148 939
14 61 66 69 74 76 81 83 96 106 113 115 139 149 160 165 316
15 84 85 90 97 114 116 121 123 134 163 170 176 868
16 88 91 93 104 105 118 135 145 171 181 295
17 92 95 98 112 120 125 126 127 153 158 182 185 188 195 325 1507 2090
18 100 102 122 130 151 152 154 162 167 184 192 197 204 207 480
19 109 117 119 128 133 155 174 224 406
20 137 161 177 178 179 189 201 205 220 226
21 138 150 173 180 231 234 557
22 141 146 183 186 191 213 218 626 1288
23 147 164 193 194 198 221 229 247
24 156 168 196 199 202 214 215 227 228 236 238 242 246 265 587
25 157 159 166 172 175 209 216 217 235 237 240
26 169 187 212 219 223 243 251 274 296 299 562
27 190 200 206 208 210 230 232 233 255 298 302 307
28 203 211 239 244 250 253 257 258 262 321
29 222 225 241 245 248 249 252 256 259 269 304 336 479 1425
30 254 260 261 264 276 281 289 322 2878
31 266 267 272 275 278 279 283 286 287 291 294 327 343 383 431
32 268 271 273 277 280 282 285 288 301 361 390 2252
33 284 290 292 293 305 308 312 329 392 398 900
34 297 300 309 314 317 366 371 393 616
35 303 306 323 324 349 395 401 410
36 310 331 333 340 341 360 418 443 526
37 311 313 315 318 319 326 330 334 335 344 345 347 411 421 455 2038
38 320 332 337 346 351 416 424 464
39 328 338 339 350 359 362 420 430 465
40 342 352 353 356 357 358 363 386 389 495
41 348 354 355 365 367 404 429 432 437 3569
42 364 368 472 504 635
43 369 370 373 407 413 436 438 522 535
44 372 374 377 379 384 414 427 441 446 632
45 375 376 380 382 385 387 388 426 440 447 471 623 2322
46 378 381 396 397 399 402 405 412 434 449 450 451 466 488 532 1134 1653
47 394 400 403 408 425 433 442 453 454 460 469 525 548 667
48 409 415 419 428 448 456 467 468 470 534 538 556 573
49 417 422 435 457 458 478 486 491 540 559 566 603
50 423 439 444 459 461 473 481 484 490 496 503 528 570 571 579 1254
51 445 462 463 475 477 485 487 492 976 4023
52 474 476 500 505 509 517 547 574 590 611 729
53 482 483 493 494 498 501 508 510 512 514 515 539 555 592 630 638 4277
54 489 497 499 518 520 544 551 564 576 593 644 664 2363
55 502 506 507 516 521 546 558 581 598 648 653 746
56 511 513 523 524 527 529 531 536 537 567 569 594 605 669
57 519 530 533 541 542 543 545 552 577 584 595 602 609 662 690 1244
58 549 550 561 578 586 588 597 613 675 710 1410
59 553 560 572 582 589 591 600 619 631 685 749
60 554 563 575 596 604 614 625 628 637 642 651 702 1662
61 565 580 583 599 601 608 612 620 640 641
62 568 585 606 607 617 618 621 647 650 652 679 706 797
63 610 615 622 624 634 654 673 681 705 707 731 901
64 627 629 636 639 643 657 684 712 722 758 2909
65 633 645 646 649 658 659 668 670 721 727 736 737 790 4841
66 655 656 660 661 663 676 678 687 725 735 738 743 747 748 792 1558
67 665 671 674 680 682 692 695 703 745 750 759 762 913 1293
68 666 683 686 693 717 752 755 763 764
69 672 677 688 689 696 701 754 756 770 778 784
70 691 694 698 714 765 766 795 805 980
71 697 699 704 708 709 711 715 716 723 767 776 781 783 794 811 818
72 700 713 718 720 724 728 732 733 740 771 773 1006 1084
73 719 726 730 734 739 741 742 760 777 785 787 791 796 828
74 744 774 788 804 807 1003 1038 1510
75 751 753 761 779 782 786 789 793 810 831 836 1150 1958
76 768 769 772 780 798 803 822 845 858 859 888
77 775 799 800 801 806 808 809 814 815 829 834 855 869 899 1247
78 802 812 813 820 5672
79 816 817 819 824 827 835 994 998
80 821 826 832 833 838 844 879 906 910 9931
81 823 830 839 841 848 850 860 898 914 925 955
82 825 842 843 846 847 851 861 866 885 911 926 954 1207
83 837 849 852 857 862 870 875 882 890 912 927 932 936 966
84 853 863 871 878 891 915 937 944 948 1020 1076
85 854 856 864 865 867 874 877 880 895 923 1009 1929
86 872 884 917 919 953 959 960 962 971 1120
87 873 876 881 883 887 903 909 931 941 958 973 983 1001 1043 1082
88 886 889 894 904 940 964 974 995 1019 1052
89 892 893 897 905 952 968 1007 1015
90 896 902 907 916 924 929 930 972 977 981 1011 1035 1055 1157
91 908 918 933 946 984 988 1014 1044 1056 1083
92 920 921 922 928 943 1022 1139 1212
93 934 935 938 963 969 978 2658 3458
94 942 947 949 965 985 989 999 1025 1060 1064 1080 1153
95 945 950 951 957 967 970 991 1016 1018 1210 1213 3517
96 956 975 979 982 987 996 1017 1021 1036 1085 1086 1173
97 961 986 990 993 997 1000 1226 1230 1306
98 992 1004 1005 1008 1012 1026 1028 1049 1074 1087 1088
99 1002 1023 1029 1059 1073 1089 1091 1093 1242
100 1010 1013 1024 1027 1039 1063 1068 1077 1092 1107 1680
101 1030 1031 1032 1058 1070 1095 1115 1127 1128 1137
102 1033 1034 1096 1118 1131 6111
103 1037 1069 1099 1103 1116 1129 1147 1158 1202
104 1040 1041 1042 1053 1061 1141 1149 1185 1191 1950
105 1045 1047 1050 1065 1071 1094 1112 1126 1148 1152 1156 1249 1336
106 1046 1048 1051 1057 1072 1075 1108 1114
107 1054 1062 1067 1122 1125 1133 1144 1161 1164 1174 1204
108 1066 1078 1098 1117 1124 1130 1140 1948
109 1079 1081 1101 1102 1104 1106 1119 1151 1155 1166 1172 1195 1258 4348
110 1090 1097 1100 1105 1123 1132 1145 1162 1167 1180 1205 1261 1277 1577
111 1109 1110 1121 1143 1183 1184 1187 1216 1300
112 1111 1113 1142 1154 1159 1304 1437
113 1135 1146 1163 1165 1171 1188 1190 2508 2563
114 1138 1160 1168 1169 1175 1179 1181 1196 1197 1214 1219 1225 1238 1285 1374
115 1170 1176 1177 1182 1203 1229 1231 1234 1259 1290 1301 1327 3153
116 1178 1186 1189 1193 1194 1224 1236 1239 1262 1268 1274 1318 1343 1403
117 1192 1198 1199 1201 1217 1237 1241 1270 1278 1279 1295 1312 1322 1972
118 1200 1206 1218 1233 1235 1243 1265 1280 1284
119 1208 1220 1222 1223 1245 1246 1287 1341 1350
120 1209 1211 1221 1232 1248 1253 1260 1283 1289 1291 1292 1333 1359 1404 2210
121 1215 1227 1250 1251 1252 1255 1266 1296 1303 1329 1347 1360 1658
122 1228 1240 1256 1257 1263 1264 1275 1281 1298 1308 1317 1321 1354 1366 1375 2208
123 1267 1271 1276 1286 1310 1331 1334 1337 1356 1367
124 1269 1272 1282 1294 1297 1302 1314 1342 1344
125 1273 1299 1307 1316 1351 1358 1377 1378 2273
126 1305 1309 1320 1325 1352 1361 1362 1373 1379 1380 1385 1408
127 1311 1324 1328 1338 1339 1418 1446
128 1313 1319 1340 1357 1368 1370 1382 1383 1390 1395 1439
129 1315 1323 1326 1330 1345 1355 1365 1388 1389 1391 1397 1398 1400 1419 1426 6934
130 1332 1346 1348 1353 1371 1401 1405 1411 1427 1547 1549 1552
131 1335 1349 1364 1387 1393 1409 1413 1435 1440 1445 1452 1454 1456 1801
132 1363 1369 1376 1442 1462 1467 1472 1479
133 1372 1381 1402 1416 1417 1420 1434 1468 1473 1478 1540
134 1384 1386 1392 1394 1396 1423 1432 1448 1476 1481 1483 1495 1559 1708
135 1399 1444 1449 1450 1458 1463 1482 1484 1487 1526 1574
136 1406 1407 1412 1414 1415 1421 1451 1461 1486 1488 1514 1569
137 1422 1424 1428 1457 1464 1490 1497 1506 1542 1573
138 1429 1431 1436 1459 1477 1517 1522 1562
139 1430 1433 1443 1460 1469 1485 1498 1505 1519 1536 1570 1575 1576 1691
140 1438 1441 1453 1455 1466 1470 1471 1474 1499 1520 1544 1579 1602 3626
141 1447 1465 1475 1480 1489 1493 1501 1525 1533 1548 1572 1581 1594 1740
142 1491 1494 1496 1502 1508 1535 1545 2117 6492
143 1492 1500 1503 1504 1509 1513 1516 1531 1546 1646 2617
144 1511 1518 1521 1523 1524 1532 1538 1554 1566 1585 1586 1599 1704
145 1512 1515 1527 1529 1534 1539 1541 1556 1582 1588 1607 1614 1615
146 1528 1530 1537 1551 1555 1642 1677 2103 8012
147 1543 1550 1553 1561 1563 1600 1611 1619 1622 1624 1823
148 1557 1560 1564 1567 1571 1606 1616 1623 1633 2813 4296
149 1565 1568 1578 1583 1596 1608 1617 1618 1636 1641 1643 1730 4186
150 1580 1584 1587 1590 1591 1603 1621 1626 2163
151 1589 1592 1597 1610 1631 1632 1638 1645 1652 1694
152 1593 1595 1598 1604 1612 1640 1648 1654 1659 1663 1887
153 1601 1605 1613 1620 1628 1629 1647 1649 1650 1656 1661 1665 1669 1682 1698 1701 1881
154 1609 1625 1627 1630 1634 1637 1639 1651 1657 1670 1673 1683 1696 1699 1705 1892
155 1635 1644 1655 1666 1675 1678 1703 1713 3346 3378
156 1660 1667 1668 1671 1679 1706 1718 1722 1731
157 1664 1672 1684 1688 1712 1720 1726 1732 1744 1809 8499
158 1674 1676 1681 1686 1687 1714 1719 1728 1736 1758 1829 3857
159 1685 1689 1690 1702 1707 1739 1748 1751 2049 2130
160 1692 1693 1695 1711 1727 1742 1749 1760 1764 1788 1805 2055
161 1697 1700 1709 1715 1717 1737 1743 1753 1772 1798 1808 1898
162 1710 1716 1724 1741 1754 1759 1786 1812 1813 1822 1825 8036
163 1721 1723 1733 1746 1747 1750 1761 1762 1763 1792 1820 1824 1837 1848 1966
164 1725 1729 1734 1756 1765 1766 1782 1795 1826 1841 1851 1858
165 1735 1738 1745 1752 1767 1768 1769 1770 1780 1793 1846 1865 1868 2138 4729
166 1755 1771 1775 1787 1797 1802 1849 1905 2185
167 1757 1773 1774 1776 1781 1806 1811 1859 1878 1923
168 1777 1778 1783 1789 1807 1814 1818 1847 1894 1938 3097
169 1779 1785 1816 1819 1832 1877 1882 1903 1931 6390
170 1784 1790 1791 1796 1810 1821 1890 1895 1901 1935 2223
171 1794 1799 1800 1804 1827 1828 1836 1850 1893 1906 1909 1951 2224
172 1803 1817 1899 1919 1928 1939 2276
173 1815 1830 1831 1834 1839 1853 1904 1925 1927 1952 1961 2029
174 1833 1835 1838 1840 1842 1854 1856 1885 1915 1926 1936 1962 2521
175 1843 1844 1940 1953 1974 1976 2169 2170
176 1845 1852 1855 1969 1982 1987 2114
177 1857 1870 1875 1916 1924 1933 1971 1983 2002 2010 2152
178 1860 1861 1871 1876 1880 8022
179 1862 1864 1872 1879 1886 1889 1917 1934 1956 2225
180 1863 1866 1873 1884 1891 1896 1902 1907 1911 1918 1943 1957 1990 2019 2030 2188 4399
181 1867 1869 1883 1897 1913 1914 1921 1941 1946 1954 1991 2005 2007 2625 8594
182 1874 1910 1912 1920 1932 1945 1960 1964 2011 2022 2032 2070
183 1888 1908 1922 1975 1988 2001 2003 2024 2035 2064 2073 2098
184 1900 1930 1937 1947 1959 1973 2134 2243
185 1942 1944 1955 1965 1977 1998 2203 2211
186 1949 1963 1967 1979 1985 1989 2012 2013 2027 2059 2096 5179
187 1968 1970 1980 1981 1996 2004 2014 2028 2034 2046 2069 2100 2200 2770
188 1978 1984 1986 1994 1997 1999 2017 2018 2043 2047 2054 2067 2080 2094 2139 2253
189 1992 1993 1995 2000 2006 2008 2016 2023 2040 2044 2050 2097 2113 2133 2145
190 2009 2015 2020 2021 2025 2033 2037 2045 2057 2063 2083 2136 2148 2175
191 2026 2031 2036 2039 2041 2042 2051 2058 2066 2087 2120 2155 2158 2165
192 2048 2052 2062 2065 2068 2071 2088 2091 2131 2172 7223
193 2053 2092 2095 2101 2127 2182 2202 4795
194 2056 2060 2061 2075 2076 2081 2102 2125 2144 2196 2221 7950
195 2072 2074 2077 2084 2085 2086 2137 2149 2157 2197 2227 2238 2307 3871
196 2078 2093 2099 2161 2193 2218 2219 2249 2312
197 2079 2082 2089 2104 2109 2111 2146 2162 2189 2192 2226 2251 2597 2746
198 2105 2107 2115 2116 2119 2124 2168 2186 2191 2257 2318
199 2106 2108 2118 2121 2122 2129 2142 2150 2183 2194 2195 2204 2255 2271
200 2110 2126 2128 2153 2154 2199 2201 2215 2222 2258 2259 2267 2280 2287
201 2112 2132 2140 2141 2151 2156 2160 2205 2229 2237 2269 2441 2450
202 2123 2135 2143 2159 2173 2177 2277 2286 2289 2321 8674
203 2147 2164 2167 2174 2178 2190 2213 2232 2239 2242 2294 2298 2329
204 2166 2171 2179 2180 2198 2209 2256 2262 2282 2300 2334
205 2176 2184 2187 2206 2212 2301 2308 2326 4129
206 2181 2207 2214 2263 2266 2283 2310 2337 2421 2554
207 2216 2217 2220 2228 2230 2231 2236 2265 2376 2389 2408
208 2233 2234 2235 2241 2244 2246 2268 2290 2302 2325 2331 2339 2342 2353 2659
209 2240 2247 2248 2254 2274 2295 2317 2328 2333 2347 2349 2358 2361 3984
210 2245 2250 2260 2261 2264 2279 2303 2306 2336 2344 2354 2371 2373 2427 4185
211 2270 2272 2281 2284 2309 2340 2350 2367 2372 2409 2410 2457
212 2275 2285 2364 2365 2369 2391 2394 2411 2492 2853
213 2278 2288 2351 2362 2370 2378 2396 2423 2449 2463
214 2291 2292 2299 2341 2343 2388 2400 2433 2454 2488
215 2293 2297 2311 2360 2379 2405 2443 2456 2487 2650
216 2296 2304 2305 2314 2315 2319 2323 2345 2380 2381 2392 2422 2437 2475 2490 2493 2671
217 2313 2316 2320 2324 2330 2346 2502 2509 8377
218 2327 2332 2348 2359 2403 2425 2448 5586
219 2335 2338 2352 2355 2366 2368 2374 2387 2404 2435 2458 2469 2491 2606 8002
220 2356 2357 2375 2383 2386 2395 2398 2406 2413 2430 2530 5244
221 2377 2382 2390 2401 2407 2416 2434 2440 2460 2494 2499 2764
222 2384 2385 2393 2397 2414 2417 2419 2420 2445 2544 2618
223 2399 2402 2424 2428 2446 2474 2516 2529 2818
224 2412 2447 2452 2459 2471 2472 2481 2540 2564 2628
225 2415 2429 2431 2438 2462 2466 2503 2518 2550 2579 2586
226 2418 2439 2451 2473 2478 2517 2545 2594 2595 2604 2704 3033
227 2426 2436 2442 2444 2455 2461 2476 2489 2522 2569 2583 2609 2824
228 2432 2453 2467 2468 2470 2479 2483 2496 2553 2592 2608 2610 2914
229 2464 2477 2482 2484 2485 2534 2593 2623 2786
230 2465 2480 2486 2598 2612 2627
231 2495 2497 2498 2500 2506 2514 2555 2615 2664 3275
232 2501 2504 2505 2510 2549 2575 2624 2638 2666 2724
233 2507 2511 2512 2513 2515 2524 2527 2532 2562 2588 2616 2629 2631 2677 3110
234 2519 2520 2523 2525 2526 2528 2691 2816 3713
235 2531 2533 2570 2574 2620 3021 7133
236 2535 2541 2637 2643 2647 2656 2697 2814
237 2536 2537 2538 2539 2542 2560 2582 2669 2755 3781
238 2543 2546 2547 2557 2567 2654 2679 2750 2772 3032
239 2548 2552 2558 2565 2572 2621 2683 2689 2773 3897
240 2551 2556 2561 2580 2584 2587 2607 2619 2692 2693 2785 3172
241 2559 2566 2568 2573 2698 2752 2794
242 2571 2576 2577 2578 2585 2589 2590 2611 2630 2655 2701 2719 2725 2730 2815 6870
243 2581 2591 2703 2728 2795 2820
244 2596 2602 2632 2633 2646 2672 2709
245 2599 2613 2635 2636 2640 2668 2674 2685 2699 2707 2727 2734 2806 2830 3402
246 2600 2601 2614 2626 2634 2642 2676 2700 2705 2723 2747 2819 2821 2839
247 2603 2605 2622 2644 2662 2667 2687 2708 2733 2763 2775 2822 2836
248 2639 2641 2645 2649 2678 2690 2721 2767 2823 2840 6828
249 2648 2652 2653 2665 2680 2716 2749 2843 2845 2848
250 2651 2657 2660 2726 2779 2833 2847 2851
251 2661 2663 2670 2682 2688 2712 2739 2743 2789 2807 2855 2864 2865 7049
252 2673 2675 2681 2684 2694 2741 2744 2798 2827 2858 2868 2880
253 2686 2695 2702 2710 2713 2732 2753 2757 2759 2842 2873 2876 3274
254 2696 2706 2714 2715 2736 2897 3035
255 2711 2717 2722 2729 2740 2761 2792 2811 2870 2886 2888 3041
256 2718 2756 2762 2766 2769 2801 2844 2879 2890 2953 3664
257 2720 2731 2737 2745 2754 2778 2800 2812 2902 2905 3048
258 2735 2738 2742 2748 2751 2758 2877 2895 2908 2922 8046
259 2760 2765 2768 2780 2796 2804 2825 2872 2926 2936 5399
260 2771 2776 2777 2803 2808 2849 2894 2929 2940 3000
261 2774 2781 2782 2787 2790 2791 2793 2810 2817 2826 2860 2863 2933 2961 3012
262 2783 2797 2799 2802 2805 2832 2834 2866 2983
263 2784 2788 2809 2829 2831 2835 2837 2841 2850 2859 2871 2915 2943 2964 2968
264 2828 2838 2846 2852 2854 2856 2861 2874 2884 2889 2891 2906 2911 2946 2976 2993 3069 8684
265 2857 2867 2875 2882 2887 3043 3064
266 2869 2881 2885 2892 2896 2903 2923 2925 2962 2985 2987 2998
267 2883 2893 2898 2899 2901 2918 2932 2945 2951
268 2900 2904 2907 2913 2931 2939
269 2910 2916 2921 2924 2947 2950 2965 2966 3001 3002 3010 3014 4662
270 2912 2917 2919 2927 2928 2935 2938 2942 2944 2970 2974 3019 3020 3185 4908
271 2920 2930 2937 2948 2955 2956 2957 2960 2971 2978 2980 2994 2995 3015 3026 3042
272 2934 2941 2952 2954 2958 2959 2977 2984 3003 3023 3039 3063 3224
273 2949 2963 2967 2969 2972 2975 2979 2988 2990 2991 3004 3028 3059 3080
274 2973 2981 2989 2996 2997 3006 3008 3011 3031 3076 3084 3087
275 2982 2992 3007 3009 3013 3018 3034 3037 3040 3046 3081 3107
276 2986 2999 3016 3022 3045 3056 3062 3070 3093 3098 3099 3184
277 3005 3017 3027 3038 3058 3060 3071 3094 3106 3113 3115 3456
278 3024 3025 3029 3030 3036 3044 3049 3052 3061 3074 3075 3095 3111 3120 3386
279 3047 3050 3053 3072 3078 3079 3085 3086 3126 3128 3132 3189 4013
280 3051 3054 3057 3065 3082 3088 3125 3218 3238
281 3055 3066 3068 3073 3077 3083 3089 3091 3100 3109 3134 3140 4018
282 3067 3090 3092 3096 3102 3131 3143 3158 3204 4197
283 3101 3114 3118 3142 3144 3151 3162 3180 3223 4271
284 3103 3104 3105 3108 3112 3116 3117 3121 3123 3124 3127 3136 3137 3150 3165 3171 3192 3198 3237
285 3119 3122 3130 3139 3145 3155 3175 3179 3206 3229 3286
286 3129 3133 3135 3141 3152 3161 3166 3186 3214 3244 3254 3255 3259
287 3138 3146 3149 3154 3159 3163 3177 3183 3195 3217 3226 3240 3246 3279
288 3147 3157 3160 3164 3178 3234 3243 3250 3264 3289 6693
289 3148 3167 3168 3169 3173 3174 3182 3187 3207
290 3156 3170 3176 3181 3191 3194 3201 3209 3215 3227 3248 3265 3514
291 3188 3190 3193 3212 3213 3219 3235 3256 3277 3380 6246
292 3196 3197 3199 3202 3252 3284 3287 3349
293 3200 3203 3205 3210 3211 3216 3221 3241 3242 3247 3258 3260 3268 3273 3301 3302 3313 3780
294 3208 3220 3222 3228 3232 3272 3280 3305 3310
295 3225 3283 3298 3350
296 3230 3285 3288
297 3231 3233 3263 3282 3290 3293 3303 3304 3322 3369 3522 5592
298 3236 3239 3245 3249 3251 3261 3266 3296 3306 3312 3324 3528 4732
299 3253 3257 3262 3297 3318 3327 3335 3337 3883
300 3267 3269 3299 3300 3308 3309 3315 3330 3336 3344 3347 6505
301 3270 3271 3278 3319 3320 3341 3617 4783
302 3276 3281 3291 3292 3295 3323 3331 3339 3343 3356 3359 4124 8375
303 3294 3307 3311 3314 3316 3328 3332 3342 3348 3352 3355 3357 3367
304 3317 3321 3353 3354 3363 3376 3383 3387 3407 3412
305 3325 3326 3338 3340 3345 3351 3361 3365 3372 3379 3385 3388 3408 3427
306 3329 3333 3334 3360 3374 3389 3390 3413 3422
307 3358 3373 3377 3382 3392 3399 3400 3415 3417 3440 4393
308 3362 3368 3391 3397 3401 3405 3431 3464
309 3364 3366 3370 3393 3395 3404 3419 3423 3434 3441 3447 3455 3478
310 3371 3375 3381 3406 3416 3421 3428 3437 3448 3449 3452 3480 3484 3545
311 3384 3394 3396 3429 3432 3460 3465 3488 3492 3523
312 3398 3403 3414 3418 3424 3425 3433 3438 3446 3467 3472 3485 3486 3497 3500 3525
313 3409 3410 3411 3420 3426 3430 3436 3439 3470 3473 3479 3481 3503 3504 3543
314 3435 3443 3450 3451 3474 3483 3491 3535 3562 3586
315 3442 3444 3445 3453 3454 3459 3476 3496 3499 3502 3505 3507 3518 3520 3526 3559
316 3457 3461 3462 3463 3466 3487 3494 3506 3509 3519 3529 3533 3571 5538
317 3468 3469 3489 3498 3501 3511 3515 3536 3558 3576 3588
318 3471 3475 3477 3482 3490 3493 3495 3508 3516 3548 3551 3589 3618 7681
319 3510 3512 3513 3521 3532 3538 3552 3554 3561 3563 3591 3611
320 3524 3534 3547 3550 3553 3567 3568 3577 3581 3595 3609 3612 4374
321 3527 3530 3537 3556 3560 3619 4501
322 3531 3539 3604 3613 3620 3631 3665
323 3540 3541 3542 3557 3565 3566 3570 3574 3575 3582 3587 3592 3597 3600 3627 3630 3698
324 3544 3546 3564 3573 3583 3590 3594 3598 3624 3633 4987
325 3549 3555 3572 3578 3584 3593 3599 3610 3628 3634 3637 3641 3642 3643
326 3579 3585 3596 3601 3602 3606 3614 3638
327 3580 3603 3605 3615 3621 3623 3625 3635 3639 3644 3652 3656 3662 3727
328 3607 3608 3622 3636 3640 3645 3648 3649 3653 3658 3660 3670 3671 3679 3688
329 3616 3629 3646 3650 3661 3668 3674 3676 3684 3711 7441 7855
330 3632 3647 3659 3677 3681 3690 3712
331 3651 3655 3657 3663 3666 3667 3672 3673 3678 3683 3687 3715 3716 3723 3812 3950
332 3654 3669 3680 3682 3694 3695 3700 3702 3737
333 3675 3685 3686 3689 3703 3718 3719 3745
334 3691 3696 3705 3724 3730 8123
335 3692 3693 3697 3699 3701 3704 3706 3707 3720 3728 3733 3734 3741
336 3708 3709 3742 3749 3792 7820
337 3710 3714 3717 3725 3726 3744 3755
338 3721 3722 3731 3736 3759 3761 3762 3769 3771 3819 3886
339 3729 3738 3752 3764 3766 3787 3791 3797 4103 4719
340 3732 3735 3740 3747 3750 3756 3763 3768 3800 3801 3804 3820 3825 4041
341 3739 3746 3748 3757 3767 3809 3835 3836 3858
342 3743 3751 3774 3777 3803 3814 3832 3837 3838 3856 4922
343 3753 3765 3776 3782 3784 3806 3831 3844 3848 3850 4778
344 3754 3760 3853 3860 3863 3969
345 3758 3770 3772 3783 3788 3794 3815 3822 3834 3854 3872 3880 3987
346 3773 3775 3779 3785 3796 3805 3810 3861 3929 3934 5273
347 3778 3789 3793 3798 3799 3808 3813 3818 3823 3824 3985
348 3786 3790 3802 3811 3827 3887 3899
349 3795 3807 3816 3826 3828 3841 3846 3852 3864 3870
350 3817 3821 3829 3839 3842 3843 3847 3868 3884 3889 3902 4203
351 3830 3833 3845 3851 3862 3865 3873 3874 3876 3878 3882 3890 3892 3914 4509
352 3840 3849 3859 3866 3867 3881 3895 3896 3898 3903 3922
353 3855 3869 3875 3877 3879 3888 3900 3906 3911 3920 3927 3928 7348
354 3885 3891 3893 3894 3908 3909 3912 3913 3916 3917 3923 3932 3941 3945 6524
355 3901 3904 3905 3907 3915 3918 3926 3942 3943 3954 4047 5449
356 3910 3919 3924 3933 3935 3944 3956 3959 3965 3971 4178
357 3921 3925 3930 3936 3975 3978
358 3937 3957 3994 4040
359 3938 3939 3946 3948 3953 3955 3960 3977 3983 4000 4042 4243
360 3940 3947 3949 3961 3962 3963 3964 3995 3998 4005 4538
361 3951 3952 3967 3968 3973 3979 3980 3981 4009 4010 4022
362 3958 3966 3970 3974 3982 3996 4015 4019 4049 4054
363 3972 3976 3986 3989 3992 3997 4001 4016 4030 4032 4052 4057 4077 4305
364 3988 3990 3991 3993 3999 4004 4025 4026 4061 4067 4069 4108
365 4002 4006 4079 4091 4095
366 4003 4007 4008 4011 4037 4075 4081 4097 4116 4118 4120
367 4012 4014 4033 4036 4038 4039 4051 4073 4082 4122 4145 4156 4803
368 4017 4024 4027 4126 4127 4157
369 4020 4021 4029 4031 4035 4043 4044 4053 4055 4065 4133 4142
370 4028 4034 4045 4046 4050 4058 4060 4076 4083 4102 4134 4140 4192
371 4048 4062 4064 4066 4074 4084 4086 4110 4114 4132 4149 4158 4338
372 4056 4063 4068 4085 4089 4096 4100 4131 4146 4151 4160 4189
373 4059 4070 4144 4148 4161 4162 4177 4474
374 4071 4072 4092 4093 4098 4106 4152 4165 4172 4180 4181
375 4078 4080 4087 4101 4105 4107 4123 4155 4166 4174 4188 4191 4193
376 4088 4090 4099 4104 4111 4117 4121 4164 4168 4169 4182 4210 4215 4218 4298
377 4094 4109 4112 4113 4119 4125 4135 4137 4175 4176 4179 4183 4199 4216 4220 4861
378 4115 4128 4136 4163 4187 4190 4201 4202 4212 4226 4229 4231 4239 4319
379 4130 4138 4230 4236 4241
380 4139 4141 4147 4150 4159 4173 4198 4211 4222 4237 4240 4242 4268 4341
381 4143 4153 4154 4167 4170 4217 4219 4234 4235 4251 4252 4261 4269 4392
382 4171 4195 4196 4204 4221 4238 4253 4254 4257 4267 4273 4281 4292
383 4184 4194 4200 4205 4206 4209 4213 4232 4244 4259 4262 4265 4272 4275 4284 4286 4308
384 4207 4208 4223 4224 4246 4248 4250 4258 4263 4280 4283 4287 4288 4295 4310 4311 4484 4695
385 4214 4225 4227 4245 4249 4256 4276 4278 4290 4294 4301
386 4228 4233 4247 4264 4266 4270 4289 4299 4303 4315 4316 4320 4622
387 4255 4260 4274 4279 4291 4304 4312 4313 4321 4432 4473
388 4282 4285 4297 4306 4324 4332 4350 4354 4865
389 4293 4300 4314 4317 4337 4339 4641
390 4302 4318 4322 4325 4424 4425 4445 4446 4531
391 4307 4309 4323 4326 4330 4333 4357 4361 4363 4383
392 4327 4328 4329 4342 4351 4364 4375 4378 4416
393 4331 4334 4340 4367 4390 4488
394 4335 4336 4343 4362 4380 4401 4402 4418 4451 4545
395 4344 4345 4360 4368 4381 4408 4412 4476
396 4346 4347 4353 4356 4358 4359 4370 4382 4391 4403 4427 4448 4490 4640
397 4349 4352 4365 4369 4371 4373 4386 4413 4419 4479 4506 4540
398 4355 4366 4372 4384 4385 4417 4553 4554
399 4376 4387 4388 4389 4398 4422 4434 4438 4457 4492 5434
400 4377 4379 4394 4395 4397 4431 4442 4447 4504 4530